2
3
6
7
8
10
11
12
13
14
17
20
21
22
25
26
27
28
29
31
32
34
36
37
38
40
42
43
48
49
50
52
54
55
56
58
59
60
61
63
65
66
67
69
70
71
73
75
78
79
80
82
83
84
87
89
90
91
92
94
95
96
97
99
100
101
102
103
104
106
108
109
110
111
112
113
115
117
119
123
124
125
127
130
132
133
135
138
139
141
142
143
144
146
147
149
150
152
154
155
156
158
162
163
165
167
168
170
173
174
176
179
182
183
188
191
195
196
197
198
199
201
203
204
205
208
211
213
214
215
216
217
218
227
228
229
230
231
232
233
234
236
237
238
239
240
241
242
243
244
245
246
249
250
251
252
253
256
258
259
262
264
265
266
267
271
273
274
275
278
279
284
285
286
288
289
292
294
295
297
298
299
300
301
302
305
306
308
309
310
311
312
315
316
317
319
320
321
322
325
326
327
330
331
332
334
335
337
339
340
341
342
343
345
346
347
348
349
351
353
354
355
356
357
359
362
367
372
373
374
375
378
383
