0
2
3
6
7
9
11
12
13
14
16
17
21
26
28
29
31
32
34
36
37
38
40
42
43
48
49
50
52
54
55
56
59
60
61
63
64
65
67
68
69
70
71
73
74
75
77
78
79
80
84
85
87
89
90
91
92
95
96
97
100
101
102
103
104
106
108
109
110
113
115
116
118
119
120
121
122
124
126
127
131
132
135
139
140
141
142
143
146
147
150
152
154
155
162
163
165
167
168
170
171
173
176
179
185
191
192
195
197
198
201
203
204
205
208
211
213
214
215
216
217
218
220
221
222
224
226
227
228
229
230
231
232
233
234
238
239
240
241
244
245
246
249
250
251
252
253
256
257
258
259
260
262
263
264
267
269
270
271
272
273
275
278
282
283
284
286
288
296
297
298
299
300
306
308
309
310
312
313
315
317
318
319
320
321
322
325
326
327
328
329
330
331
332
334
337
338
339
340
342
343
344
347
348
351
353
354
355
357
359
363
364
365
367
370
372
373
374
377
378
380
382
383
